Raw GPS Position Onboard Data Storage
633438414.2809887,0.0300799593713,-0.438970609545,0.0,0.0
633438414.4804599,0.198867923448,-0.76455970926,0.0,0.0
633438414.6805567,0.221193043794,-0.91360474899,0.0,0.0
633438414.8804436,0.200018059835,-0.949153715549,0.0,0.0
633438415.0797496,0.178661441688,-0.882088481534,0.0,0.0
633438415.2793393,0.17058343355,-0.771363268634,0.0,0.0
633438415.4783448,0.150884435308,-0.66304893272,0.0,0.0
633438415.6778845,0.0795154217813,-0.604795252709,0.0,0.0
633438415.8774055,0.0201297807212,-0.559638090133,0.0,0.0
633438416.077413,0.442427610931,-0.253688409444,0.0,0.0
633438416.2772712,0.359810933944,-0.270251904367,0.0,0.0
633438416.4767905,0.292137829775,-0.25837083507,0.0,0.0
633438416.6759944,0.271523922136,-0.251345896541,0.0,0.0
633438416.8758187,0.304495493887,-0.243685235914,0.0,0.0
633438417.2759975,0.231512884383,-0.174647600512,0.0,0.0
633438417.4757786,0.155962275657,-0.140626343805,0.0,0.0
633438417.674929,0.134987625537,-0.0858972697579,0.0,0.0
633438418.0748843,0.126851486993,-0.0975125645628,0.0,0.0
633438418.4744656,0.175726478954,-0.038989801159,0.0,0.0
633438418.6737367,0.209057636159,-0.0198722108382,0.0,0.0
633438419.0738581,0.202194645273,0.0867025110533,0.0,0.0
633438419.2741106,0.198601811338,0.0946431219551,0.0,0.0
633438419.4726286,0.173622082878,0.13511244331,0.0,0.0
633438419.671262,0.173622082878,0.13511244331,0.0,0.0
633438419.8709216,0.123978353723,0.217092993457,0.0,0.0
633438420.0702319,0.109044734622,0.257893865478,0.0,0.0
633438420.2701575,0.118431888367,0.286485405942,0.0,0.0
633438420.470299,0.121130288978,0.485105610246,0.0,0.0
633438420.6695479,0.120101824953,0.922212313756,0.0,0.0
633438420.8697,0.100045485438,1.48663744768,0.0,0.0
633438421.0696123,0.0791211162481,2.07849461124,0.0,0.0
633438421.2695631,0.0493691627986,2.71955192739,0.0,0.0
633438421.4696479,0.0190449337865,3.40994681637,0.0,0.0
633438421.6694006,-3.72758123186,1.75486129363,0.0,0.0
633438421.8696755,-4.18816372681,1.95030371929,0.0,0.0
633438422.0688281,-4.34156754802,2.02358375808,0.0,0.0
633438422.2670951,-4.40975942497,2.06662086845,0.0,0.0
633438422.4664147,-4.53153893518,2.1130913087,0.0,0.0
633438422.6663916,-4.6580428239,2.17307088028,0.0,0.0
633438422.8659937,-4.6942921844,2.18998193771,0.0,0.0
633438423.0660639,-4.74827950156,2.21617728873,0.0,0.0
633438423.2659148,-4.80264911417,2.24155336455,0.0,0.0
633438423.4666015,-4.8838055904,2.28046989789,0.0,0.0
633438423.665812,-4.92508531137,2.31022394494,0.0,0.0
633438423.8660357,-4.97899837209,2.33657339083,0.0,0.0
633438424.0658724,-5.08763106384,2.3875531739,0.0,0.0
633438424.264856,-5.15100013403,2.41729138069,0.0,0.0
633438424.4648628,-5.19583807217,2.43943983894,0.0,0.0
633438424.6643984,-5.272973498,2.48689575363,0.0,0.0
633438424.8642176,0.0,5.95,0.0,0.0
633438425.0641373,0.0,5.98,0.0,0.0
633438425.2629694,0.00847531609384,6.06999408311,0.0,0.0
633438425.4626114,0.0,6.18,0.0,0.0
633438425.6632448,0.0,6.18,0.0,0.0
633438425.8638847,0.00872664342446,6.24999390765,0.0,0.0
633438426.0632123,0.0187814605238,6.32997213712,0.0,0.0
633438426.2623802,0.038667529093,6.32988189639,0.0,0.0
633438426.4622774,0.0479559616774,6.38982004643,0.0,0.0
633438426.6610634,0.0587190512458,6.46973353957,0.0,0.0
633438426.8614714,0.0678571610733,6.47964469749,0.0,0.0
633438427.0611554,0.0681713145968,6.50964305257,0.0,0.0
633438427.260584,0.0485266999266,6.61982213956,0.0,0.0
633438427.4605789,0.0281904756399,6.72994095792,0.0,0.0
633438427.6599193,0.018821606191,6.73997372006,0.0,0.0
633438427.8585559,0.0187936809593,6.72997375905,0.0,0.0
633438428.058064,0.0177761581256,6.78997673105,0.0,0.0
633438428.257916,0.0178808777611,6.82997659397,0.0,0.0
633438428.4576031,0.0178546978522,6.81997662824,0.0,0.0
633438428.657283,0.0179332375788,6.84997652543,0.0,0.0
633438428.8570659,0.00853989390553,6.98999478328,0.0,0.0
633438429.0567758,0.00863763231933,7.06999472357,0.0,0.0
633438429.2572875,0.00858876311243,7.02999475342,0.0,0.0
633438429.4565918,0.00856432850898,7.00999476835,0.0,0.0
633438429.6564107,0.00864984962105,7.07999471611,0.0,0.0
633438429.8561429,0.0,7.17,0.0,0.0
633438430.0556874,0.0087231534314,7.13999467133,0.0,0.0
633438430.2551935,0.0186924549362,7.13997553162,0.0,0.0
633438430.4554884,0.00753982099056,7.19999605216,0.0,0.0
633438430.6546053,0.0177883780354,7.27997826739,0.0,0.0
633438430.8543465,0.00765501270014,7.30999599184,0.0,0.0
633438431.0535709,0.00761312480574,7.26999601378,0.0,0.0
633438431.2536697,0.00762359677934,7.27999600829,0.0,0.0
633438431.4526973,0.0,7.37,0.0,0.0
633438431.653097,-6.70090886623,3.16321361379,0.0,0.0
633438431.8543614,-6.68282274244,3.15467592522,0.0,0.0
633438432.0534905,-6.72341703934,3.16236672686,0.0,0.0
633438432.253325,-6.75961309339,3.17939158138,0.0,0.0
633438432.4528847,-6.80876344074,3.19235656029,0.0,0.0
633438432.6521943,-6.80415404768,3.17861411553,0.0,0.0
633438432.8523296,-6.76791354676,3.1616840803,0.0,0.0
633438433.0524116,-6.80876344074,3.19235656029,0.0,0.0
633438433.2512457,-6.88119709437,3.22631780029,0.0,0.0
633438433.4504925,-6.88119709437,3.22631780029,0.0,0.0
633438433.6508456,-6.85316713664,3.16805937402,0.0,0.0
633438433.8506926,-6.86056215062,3.12798449124,0.0,0.0
633438434.0495696,-6.93721018654,3.15269960951,0.0,0.0
633438434.2487787,-6.96919408507,3.17898314003,0.0,0.0
633438434.4484004,-6.92893267426,3.17085035844,0.0,0.0
633438434.6482086,-6.96919408507,3.17898314003,0.0,0.0
633438434.8481405,-7.05370534521,3.18635228796,0.0,0.0
633438435.047931,-6.97948729639,3.1074679531,0.0,0.0
633438435.2469786,-6.92144219583,3.09031356496,0.0,0.0
633438435.4462308,-7.02167124083,3.16008433205,0.0,0.0
633438435.6459619,-7.16126573325,3.21539625829,0.0,0.0
633438435.8461311,-7.07851308739,3.13085491067,0.0,0.0
633438436.0452796,-6.94973182435,3.02615722818,0.0,0.0
633438436.2455069,-7.10343475307,3.09898607755,0.0,0.0
633438436.4452473,-7.30754720546,3.20626789897,0.0,0.0
633438436.6448272,-7.1735591473,3.18787533637,0.0,0.0
633438436.8443015,-6.94544015195,3.13452725233,0.0,0.0
633438437.0442787,-7.01021040075,3.20952490833,0.0,0.0
633438437.2435542,-7.27715050199,3.34711526115,0.0,0.0
633438437.4430908,-7.27715050199,3.34711526115,0.0,0.0
633438437.6430541,-7.23265086359,3.34808325544,0.0,0.0
633438437.8433475,-6.88961998349,3.20829183259,0.0,0.0
633438438.0432005,-6.9440117202,3.23362045232,0.0,0.0
633438438.2424763,-7.25182598236,3.40163488951,0.0,0.0
633438438.4423857,0.0,7.91,0.0,0.0
633438438.6418159,0.0277820888308,7.57994908661,0.0,0.0
633438438.8416626,0.00808436361765,7.71999576704,0.0,0.0
633438439.0411258,-7.2344495182,3.41507542649,0.0,0.0
633438439.2410651,-7.13497583732,3.36811813938,0.0,0.0
633438439.4401677,0.00809483559125,7.72999576155,0.0,0.0
633438439.6400719,0.0,7.93,0.0,0.0
633438439.8399534,-7.35200932287,3.47057040217,0.0,0.0
633438440.0402478,0.00833569098401,7.95999563544,0.0,0.0
633438440.2399126,0.0874601206974,7.82951152546,0.0,0.0
633438440.4395331,0.157348864096,8.04846204781,0.0,0.0
633438440.6390414,0.227750562089,8.25685955321,0.0,0.0
633438440.8385515,0.288181308021,7.93476852427,0.0,0.0
633438441.0385132,0.317778975266,7.7434821962,0.0,0.0
633438441.2381471,0.338082264682,8.03288866986,0.0,0.0
633438441.4379102,0.366790563332,8.17177243214,0.0,0.0
633438441.6375619,0.368028506714,7.95148759782,0.0,0.0
633438441.8361667,0.348366132709,7.82224654671,0.0,0.0
633438442.0358787,0.288337275927,8.09486637415,0.0,0.0
633438442.2363081,0.238120350644,8.21655029186,0.0,0.0
633438442.4362934,0.218370254829,7.86696983799,0.0,0.0
633438442.6363145,0.207461828646,7.76722985302,0.0,0.0
633438442.8353105,0.187775327061,8.08782049915,0.0,0.0
633438443.0351887,0.167424580372,8.12827589406,0.0,0.0
633438443.23555,0.147394798574,7.81861079562,0.0,0.0
633438443.4348153,0.107543780877,7.79925857599,0.0,0.0
633438443.6338348,0.0779452073147,8.11962588699,0.0,0.0
633438443.8336952,0.0678576075596,8.09971575706,0.0,0.0
633438444.032942,0.0874601206974,7.82951152546,0.0,0.0
633438444.2321743,0.0980169275349,7.9093926873,0.0,0.0
633438444.432013,0.097079915242,8.17942390942,0.0,0.0
633438444.6319335,0.0874323078712,8.07952694107,0.0,0.0
633438444.8314703,0.0678051808224,7.76970414221,0.0,0.0
633438445.0314338,0.0274714266378,7.86995205327,0.0,0.0
633438445.2290183,0.0185371260805,8.16997897029,0.0,0.0
633438445.429244,0.0477100404229,8.03985844105,0.0,0.0
633438445.6290962,0.0976381298936,7.76938651346,0.0,0.0
633438445.8287262,0.108224523982,7.94926332766,0.0,0.0
633438446.0282077,0.107989163464,8.24929320249,0.0,0.0
633438446.2277279,0.177813315301,7.95801372359,0.0,0.0
633438446.4275743,0.387455225708,7.31975262205,0.0,0.0
633438446.6269382,0.678942112321,6.93685358128,0.0,0.0
633438446.8267943,1.02870747282,6.69138707111,0.0,0.0
633438447.0268369,1.34746251042,6.15421357957,0.0,0.0
633438447.2264186,1.62644901001,5.49432103338,0.0,0.0
633438447.4257894,1.97852679966,4.94917485072,0.0,0.0
633438447.6249195,2.3658295777,4.40486667327,0.0,0.0
633438447.825208,2.6699154223,3.83150774993,0.0,0.0
633438448.0253713,2.97259691351,3.24402028196,0.0,0.0
633438448.2251712,3.25071182997,2.64366650666,0.0,0.0
633438448.4250314,3.4913619421,2.07219492067,0.0,0.0
633438448.622249,3.7113450156,1.4919511303,0.0,0.0
633438448.8224258,3.88663708736,0.902303802032,0.0,0.0
633438449.0214208,4.02955968998,0.290256274439,0.0,0.0
633438449.2215524,4.14063450193,-0.278650177563,0.0,0.0
633438449.4222534,4.15501822806,-0.678176617451,0.0,0.0
633438449.6220493,4.18619233304,-0.938026519254,0.0,0.0
633438449.8220396,4.20627251066,-1.14755024556,0.0,0.0
633438450.0215454,4.19025907153,-1.30913288608,0.0,0.0
633438450.2211324,4.16165315554,-1.45902125172,0.0,0.0
633438450.4213777,4.16321052922,-1.59977438703,0.0,0.0
633438450.6205007,4.18044959131,-1.71879062555,0.0,0.0
633438450.8203968,4.19758109233,-1.83213344855,0.0,0.0
633438451.0204353,4.22389784984,-1.92049133142,0.0,0.0
633438451.2205642,4.29309466232,-1.98550704364,0.0,0.0
633438451.4201106,4.35328985517,-2.04571929572,0.0,0.0
633438451.6194775,4.38723445396,-2.13695433878,0.0,0.0
633438451.8194901,4.40313686582,-2.23963964532,0.0,0.0
633438452.0193481,4.39616588776,-2.38195833031,0.0,0.0
633438452.2179633,4.37091252063,-2.50932734752,0.0,0.0
633438452.4178276,4.42013430157,-2.58395293225,0.0,0.0
633438452.6177224,4.53250430591,-2.60946445021,0.0,0.0
633438452.8172159,4.58360061648,-2.60067402583,0.0,0.0
633438453.0174443,4.65926508858,-2.56781012428,0.0,0.0
633438453.2167392,4.77101070798,-2.52931943897,0.0,0.0
633438453.4165514,4.87076809314,-2.4892806557,0.0,0.0
633438453.617037,4.98734508725,-2.41205078318,0.0,0.0
633438453.8170794,5.10546593608,-2.30091668158,0.0,0.0
633438454.0167935,5.27344324316,-2.18972517938,0.0,0.0
633438454.2161858,5.37768540576,-2.0912674809,0.0,0.0
633438454.4164183,5.47316806837,-1.97909860679,0.0,0.0
633438454.6169145,5.60354723788,-1.84668848289,0.0,0.0
633438454.8166853,5.7291816849,-1.74830695856,0.0,0.0
633438455.0164311,5.78389050803,-1.66943421288,0.0,0.0
633438455.2168844,5.90785692404,-1.59738115837,0.0,0.0
633438455.4160451,6.07059947964,-1.52820874157,0.0,0.0
633438455.6148578,6.07059947964,-1.52820874157,0.0,0.0
633438455.8152982,6.10258594093,-1.43921674307,0.0,0.0
633438456.0147744,6.17680187273,-1.33772890565,0.0,0.0
633438456.2145823,6.32385921991,-1.26937172125,0.0,0.0
633438456.4146003,6.36648943401,-1.20756460971,0.0,0.0
633438456.6143978,6.409712583,-1.13828142538,0.0,0.0
633438456.8135432,6.51638367621,-1.04725535779,0.0,0.0
633438457.0139613,6.59207538779,-0.948758178734,0.0,0.0
633438457.2133447,6.56276013888,-0.868665274711,0.0,0.0
633438457.4133841,6.6258548765,-0.848791585457,0.0,0.0
633438457.6122489,6.73397271435,-0.788677045718,0.0,0.0
633438457.8126342,6.73278961953,-0.708832800579,0.0,0.0
633438458.0126777,6.66948985247,-0.638674492873,0.0,0.0
633438458.2125547,6.77535035102,-0.578470069193,0.0,0.0
633438458.412238,6.84729016945,-0.55813738036,0.0,0.0
633438458.6121762,6.82878983025,-0.538636662598,0.0,0.0
633438458.8123775,6.85258921802,-0.48879546751,0.0,0.0
633438459.0117499,6.87729516777,-0.418223834037,0.0,0.0
633438459.2118642,6.89962582945,-0.378501537087,0.0,0.0
633438459.4111946,6.93074085175,-0.358373054154,0.0,0.0
633438459.6114316,6.96226242848,-0.328331961446,0.0,0.0
633438459.8112093,6.97485515655,-0.267946907431,0.0,0.0
633438460.0112644,6.9859521052,-0.23785118001,0.0,0.0
633438460.2109618,7.09665054402,-0.218062046283,0.0,0.0
633438460.4106227,7.11778254781,-0.17768399486,0.0,0.0
633438460.6094596,7.05900902717,-0.118285900695,0.0,0.0
633438460.8091877,7.03994327788,-0.0282602953492,0.0,0.0
633438461.0091373,7.09987499147,0.042132000871,0.0,0.0
633438461.208166,7.17928251638,0.101501477553,0.0,0.0
633438461.4068608,7.09912409062,0.111521952914,0.0,0.0
633438461.6068931,7.11963519817,0.0720738858342,0.0,0.0
633438461.8070246,7.27993069965,0.031764891593,0.0,0.0
633438462.0064576,7.32999955343,0.00255865263146,0.0,0.0
633438462.2066699,7.25997832709,-0.017739508865,0.0,0.0
633438462.4059117,7.26984010873,-0.0482161124354,0.0,0.0
633438462.6056275,7.38984591118,-0.0477222060494,0.0,0.0
633438462.8055394,7.38999594798,-0.00773878848892,0.0,0.0
633438463.0054876,7.29999599733,-0.00764454072654,0.0,0.0
633438463.2050735,7.30968725472,-0.0676183268838,0.0,0.0
633438463.4041708,7.47833205803,-0.157954518296,0.0,0.0
633438463.6030421,7.48622155752,-0.237879784229,0.0,0.0
633438463.8036909,7.3257986324,-0.248141889902,0.0,0.0
633438464.002977,7.34706226123,-0.207788665762,0.0,0.0
633438464.2030349,7.43787324179,-0.177880968695,0.0,0.0
633438464.4032619,7.23755200026,-0.188257917501,0.0,0.0
633438464.6027105,6.32691113315,-0.197725853674,0.0,0.0
633438464.8027242,5.61615334508,-0.2078980629,0.0,0.0
633438465.0026982,5.25546265346,-0.21843144942,0.0,0.0
633438465.202794,4.7449586208,-0.218786852694,0.0,0.0
633438465.4017541,4.07470267517,-0.207841547701,0.0,0.0
633438465.6015397,3.47433393435,-0.198503684119,0.0,0.0
633438465.8016846,2.90454121318,-0.178158190832,0.0,0.0
633438466.0016451,2.34392704739,-0.168837189339,0.0,0.0
633438466.2010949,1.78380039992,-0.148849364306,0.0,0.0
633438466.4001802,1.22412970198,-0.120026966704,0.0,0.0
633438466.6000731,0.625004661532,-0.0791781097486,0.0,0.0
633438466.799584,1.39626337324e-05,-0.0399999975631,0.0,0.0
633438467.0000098,-0.282576796538,-0.596448115144,0.0,0.0
633438467.1993724,-0.608845820629,-1.23842915288,0.0,0.0
633438467.3987248,-0.922863230778,-1.8080994047,0.0,0.0
633438467.5988741,-1.15189777172,-2.15098385013,0.0,0.0
633438467.7987885,-1.22022537575,-2.2958767459,0.0,0.0
633438467.9989457,-1.26659123253,-2.46346232967,0.0,0.0
633438468.197698,-1.30798308504,-2.64417855851,0.0,0.0
633438468.3978761,-1.36723584085,-2.79334318613,0.0,0.0
633438468.5975317,-1.42316141794,-2.88842718075,0.0,0.0
633438468.7975286,-1.45882389444,-2.89299720791,0.0,0.0
633438468.9962983,-1.49158620664,-2.75173955674,0.0,0.0
633438469.1961792,-1.47556282445,-2.57752097006,0.0,0.0
633438469.3954946,-1.44592111787,-2.37438668311,0.0,0.0
633438469.595274,-1.38173001688,-2.14320371418,0.0,0.0
633438469.7952309,-1.24711193397,-1.90869374813,0.0,0.0
633438469.995077,-1.10100033864,-1.76470911323,0.0,0.0
633438470.1948777,-0.967326685337,-1.6931565444,0.0,0.0
633438470.3950282,-0.846132984405,-1.62263950793,0.0,0.0
633438470.5951874,-0.768557711537,-1.50513090595,0.0,0.0
633438470.7948776,-0.734836724023,-1.36473989794,0.0,0.0
633438470.9942034,-0.73946854652,-1.2588829448,0.0,0.0
633438471.1936499,-0.727205654938,-1.16106500052,0.0,0.0
633438471.3936063,-0.609767723831,-1.03352954625,0.0,0.0
633438471.5936939,-0.51122001511,-0.96268068234,0.0,0.0
633438471.7938608,-0.472404183488,-0.904010114668,0.0,0.0
633438471.9931262,-0.463914608979,-0.885879921646,0.0,0.0
633438472.1926175,-0.420306656874,-0.840798616904,0.0,0.0
633438472.3924317,-0.32018790694,-0.722204752303,0.0,0.0
633438472.5919038,-0.204067973465,-0.596033776061,0.0,0.0
633438472.7914783,-0.119351474426,-0.485546316588,0.0,0.0
633438472.9922976,-0.0898576906895,-0.400031993001,0.0,0.0
633438473.1922315,-0.0745245705048,-0.372620568932,0.0,0.0
633438473.3918694,-0.0768643281327,-0.372144965115,0.0,0.0
633438473.5911071,-0.0898576906895,-0.400031993001,0.0,0.0
633438473.7897468,-0.13368497707,-0.398156158945,0.0,0.0
633438473.9891275,-0.158414264726,-0.334372428187,0.0,0.0
633438474.1897383,-0.2149434923,-0.288789361158,0.0,0.0
633438474.3896421,-0.260454696634,-0.29028150303,0.0,0.0
633438474.5894859,-0.260454696634,-0.29028150303,0.0,0.0
633438474.7891936,-0.28712393309,-0.263931519616,0.0,0.0
633438474.9888325,-0.309656255473,-0.237092816101,0.0,0.0
633438475.1888647,-0.328283418557,-0.170675121505,0.0,0.0
633438475.388674,-0.364823172024,-0.137855189074,0.0,0.0
633438475.5883443,-0.377645659034,-0.0973845789284,0.0,0.0
633438475.7880191,-0.375688263932,-0.104682034484,0.0,0.0
633438475.9876468,-0.381129279641,-0.151130646132,0.0,0.0
633438476.1868414,-0.387832748987,-0.161200988871,0.0,0.0
633438476.3865286,-0.38525286794,-0.167272913957,0.0,0.0
633438476.5862824,-0.354403470591,-0.162782615882,0.0,0.0
633438476.7860986,-0.348452812237,-0.124421210588,0.0,0.0
633438476.985799,-0.326510173538,-0.0478655050791,0.0,0.0
633438477.1860032,-0.246867238543,0.0394533462964,0.0,0.0
633438477.3857745,0.0,0.19,0.0,0.0
633438477.586029,0.0099350000299,0.159691251402,0.0,0.0
633438477.7852056,0.0365345342548,0.0822510048983,0.0,0.0
633438477.984996,0.128493891673,-0.0197311885781,0.0,0.0
633438478.1848563,0.212611013425,-0.131516375294,0.0,0.0
633438478.3846868,0.268434333122,-0.208669616383,0.0,0.0
633438478.5838047,0.269362042241,-0.309102070844,0.0,0.0
633438478.7837019,0.205274826877,-0.40045255081,0.0,0.0
633438478.9835448,0.170582046839,-0.491224760467,0.0,0.0
633438479.1831614,0.196996715275,-0.492028753398,0.0,0.0
633438479.3831395,0.28186574817,-0.388525031379,0.0,0.0
633438479.5827129,0.383205078069,-0.272128403776,0.0,0.0
633438479.7830913,0.436595049221,-0.109017260081,0.0,0.0
633438479.9820988,0.447230473638,0.0498488058949,0.0,0.0
633438480.1824747,0.447825654738,0.142661077237,0.0,0.0
633438480.3820503,0.393222325135,0.14756762184,0.0,0.0
633438480.5821446,0.349967826771,0.120093797614,0.0,0.0
633438480.7822053,0.306357525701,0.122658332152,0.0,0.0
633438480.9812372,0.28203124107,0.171342869886,0.0,0.0
633438481.1814784,0.242338275741,0.252531503205,0.0,0.0
633438481.3817292,0.149575997799,0.349323662071,0.0,0.0
633438481.5818758,0.0397241112575,0.408071066096,0.0,0.0
633438481.7812139,-0.355163053582,0.135126627169,0.0,0.0
633438481.9803053,-0.251763772689,0.064923052619,0.0,0.0
633438482.1802537,-0.209798524603,0.00919668823681,0.0,0.0
633438482.3800352,-0.200081185662,-0.0637771051721,0.0,0.0
633438482.5792933,-0.152216061769,-0.158840393287,0.0,0.0
633438482.7789671,-0.062922909801,-0.179278296015,0.0,0.0
633438482.978685,0.0203065779124,-0.138519467561,0.0,0.0
633438483.1784098,0.0764854882242,-0.105118837946,0.0,0.0
633438483.3780929,0.15692129193,-0.107124731688,0.0,0.0
633438483.5782676,9.7738436127e-05,-0.279999982941,0.0,0.0
633438483.7779803,0.0299661098331,-0.328636626476,0.0,0.0
633438483.9784267,0.0899843443562,-0.379477031941,0.0,0.0
633438484.1772629,0.157078241649,-0.421694707105,0.0,0.0
633438484.3764586,0.185610848432,-0.409937328069,0.0,0.0
633438484.5767609,0.148635731751,-0.316871297606,0.0,0.0
633438484.7765272,0.0696249327799,-0.208692042818,0.0,0.0
633438484.9763283,0.0947402084064,-0.0558953746845,0.0,0.0
633438485.176153,0.0159551683597,-0.108836724513,0.0,0.0
633438485.3761514,-0.0138804509581,-0.139310204512,0.0,0.0
633438485.5750788,0.017627452867,-0.179134789769,0.0,0.0
633438485.7747527,0.070498304945,-0.176436926407,0.0,0.0
633438485.9743472,0.156537848986,-0.154582993356,0.0,0.0
633438486.1743057,0.212436027281,-0.111673337521,0.0,0.0
633438486.3738884,0.0296897949194,-0.187665969418,0.0,0.0
633438486.5739676,0.059729751697,-0.159161417317,0.0,0.0
633438486.7734828,0.0587011094599,-0.127099094207,0.0,0.0
633438486.9734977,0.0724558406131,-0.0827656399785,0.0,0.0
633438487.1724921,0.127129812612,-0.0586345524863,0.0,0.0
633438487.3726662,0.208728469738,-0.0695156523428,0.0,0.0
633438487.5725799,0.25533497294,-0.0490311288254,0.0,0.0
633438487.7723306,0.289999982332,0.00010122909456,0.0,0.0
633438487.9719995,0.346263142851,0.0510081944685,0.0,0.0
